_viz_0 = nengo_gui.components.Slider(inh)
_viz_config[_viz_0].min_value = -1
_viz_config[_viz_0].x = -0.6767372844447316
_viz_config[_viz_0].max_value = 1
_viz_config[_viz_0].height = 0.3047641762058429
_viz_config[_viz_0].y = 1.481356569229412
_viz_config[_viz_0].width = 0.11656944380157942
_viz_config[_viz_0].label_visible = True
_viz_1 = nengo_gui.components.Value(button)
_viz_config[_viz_1].x = 1.4410810827464544
_viz_config[_viz_1].height = 0.3047641762058429
_viz_config[_viz_1].label_visible = True
_viz_config[_viz_1].min_value = -1
_viz_config[_viz_1].show_legend = False
_viz_config[_viz_1].max_value = 1
_viz_config[_viz_1].synapse = 0.01
_viz_config[_viz_1].y = 1.405844052139855
_viz_config[_viz_1].legend_labels = ['label_0']
_viz_config[_viz_1].width = 0.23313888760315885
_viz_2 = nengo_gui.components.SpaSimilarity(s,args='<output>')
_viz_config[_viz_2].x = 0.4704595138676172
_viz_config[_viz_2].height = 0.3047641762058429
_viz_config[_viz_2].label_visible = True
_viz_config[_viz_2].min_value = -1.5
_viz_config[_viz_2].max_value = 1.5
_viz_config[_viz_2].y = 0.8768953479169962
_viz_config[_viz_2].width = 0.23313888760315885
_viz_config[_viz_2].show_pairs = False
_viz_net_graph = nengo_gui.components.NetGraph()
_viz_progress = nengo_gui.components.Progress()
_viz_config[_viz_progress].x = 0
_viz_config[_viz_progress].label_visible = True
_viz_config[_viz_progress].width = 100
_viz_config[_viz_progress].y = 0
_viz_config[_viz_progress].height = 100
_viz_sim_control = nengo_gui.components.SimControl()
_viz_config[_viz_sim_control].kept_time = 4.0
_viz_config[_viz_sim_control].shown_time = 0.5
_viz_config[button].pos=(1.4549929770231018, 0.7890287882750884)
_viz_config[button].size=(0.16327366030175317, 0.19919386556813892)
_viz_config[inh].pos=(-0.5042909465979366, 1.4862073177635746)
_viz_config[inh].size=(0.16327366030175317, 0.19919386556813892)
_viz_config[model].pos=(1.1528874770299906, 0.8644968753625184)
_viz_config[model].size=(0.3115503436863508, 0.3115503436863508)
_viz_config[model].expanded=True
_viz_config[model].has_layout=True
_viz_config[model.nodes[2]].pos=(-0.5042909465979366, 0.0918502587866023)
_viz_config[model.nodes[2]].size=(0.16327366030175317, 0.19919386556813892)
_viz_config[s].pos=(0.4753510152125824, 0.7890287882750884)
_viz_config[s].size=(0.40818415075438297, 0.9959693278406946)
_viz_config[s].expanded=False
_viz_config[s].has_layout=False
_viz_config[s.state_ensembles].expanded=False
_viz_config[s.state_ensembles].has_layout=False
_viz_config[s.state_ensembles.remainder].expanded=False
_viz_config[s.state_ensembles.remainder].has_layout=False