_viz_config[A].pos=(0.3695652173913043, 0.22727272727272724)
_viz_config[A].size=(0.043478260869565216, 0.04545454545454545)
_viz_config[A_inp].pos=(0.10869565217391304, 0.22727272727272724)
_viz_config[A_inp].size=(0.08695652173913043, 0.1818181818181818)
_viz_config[A_inp].expanded=False
_viz_config[A_inp].has_layout=False
_viz_config[A_out].pos=(0.6304347826086957, 0.22727272727272724)
_viz_config[A_out].size=(0.08695652173913043, 0.1818181818181818)
_viz_config[A_out].expanded=True
_viz_config[A_out].has_layout=True
_viz_config[A_out.input].pos=(0.5, 0.5)
_viz_config[A_out.input].size=(0.3076923076923077, 0.2222222222222222)
_viz_config[B].pos=(0.6304347826086957, 0.7727272727272726)
_viz_config[B].size=(0.043478260869565216, 0.04545454545454545)
_viz_config[B_inp].pos=(0.10869565217391304, 0.7727272727272726)
_viz_config[B_inp].size=(0.08695652173913043, 0.1818181818181818)
_viz_config[B_inp].expanded=False
_viz_config[B_inp].has_layout=False
_viz_config[B_out].pos=(0.891304347826087, 0.7727272727272726)
_viz_config[B_out].size=(0.08695652173913043, 0.1818181818181818)
_viz_config[B_out].expanded=False
_viz_config[B_out].has_layout=False
_viz_0 = nengo_gui.components.SpaSimilarity(B_out,args='<output>')
_viz_config[_viz_0].max_value = 1.5
_viz_config[_viz_0].min_value = -1.5
_viz_config[_viz_0].show_pairs = False
_viz_config[_viz_0].x = 0.8165889452749963
_viz_config[_viz_0].y = 0.8182348735772083
_viz_config[_viz_0].width = 0.07886435331230283
_viz_config[_viz_0].height = 0.12285012285012285
_viz_config[_viz_0].label_visible = True
_viz_3 = nengo_gui.components.SpaSimilarity(A_out,args='<output>')
_viz_config[_viz_3].max_value = 1.5
_viz_config[_viz_3].min_value = -1.5
_viz_config[_viz_3].show_pairs = False
_viz_config[_viz_3].x = 0.8151831024550804
_viz_config[_viz_3].y = 0.42875843846440953
_viz_config[_viz_3].width = 0.07886435331230283
_viz_config[_viz_3].height = 0.12285012285012285
_viz_config[_viz_3].label_visible = True
_viz_4 = nengo_gui.components.SpaSimilarity(B_inp,args='<output>')
_viz_config[_viz_4].max_value = 1.5
_viz_config[_viz_4].min_value = -1.5
_viz_config[_viz_4].show_pairs = False
_viz_config[_viz_4].x = 0.36678782060074056
_viz_config[_viz_4].y = 0.7887508440931786
_viz_config[_viz_4].width = 0.07886435331230283
_viz_config[_viz_4].height = 0.12285012285012285
_viz_config[_viz_4].label_visible = True
_viz_5 = nengo_gui.components.SpaSimilarity(A_inp,args='<output>')
_viz_config[_viz_5].max_value = 1.5
_viz_config[_viz_5].min_value = -1.5
_viz_config[_viz_5].show_pairs = False
_viz_config[_viz_5].x = 0.3273556439445892
_viz_config[_viz_5].y = 0.44964295934893045
_viz_config[_viz_5].width = 0.07886435331230283
_viz_config[_viz_5].height = 0.12285012285012285
_viz_config[_viz_5].label_visible = True
_viz_net_graph = nengo_gui.components.NetGraph()
_viz_progress = nengo_gui.components.Progress()
_viz_config[_viz_progress].x = 0
_viz_config[_viz_progress].y = 0
_viz_config[_viz_progress].width = 100
_viz_config[_viz_progress].height = 100
_viz_config[_viz_progress].label_visible = True
_viz_sim_control = nengo_gui.components.SimControl()
_viz_config[_viz_sim_control].shown_time = 0.5
_viz_config[_viz_sim_control].kept_time = 4.0
_viz_config[model].pos=(0.08852677263382625, 0.003690972696920314)
_viz_config[model].size=(0.8260124914141335, 0.8260124914141335)
_viz_config[model].expanded=True
_viz_config[model].has_layout=True